0.1	0	0	0
0.11	0	0	0
0.12	0	0	0
0.13	0	0	0
0.14	0	0	0
0.15	0	0	0
0.16	0	0	0
0.17	0	0	0
0.18	0	0	0
0.19	0	0	0
0.2	0	0   0
0.21	0	0   0
0.22	0	0   0
0.23	1.95429e-15	1.01169e-15	7.79853e-16
0.24	1.32372e-14	8.15256e-15	6.98533e-15
0.25	8.5363e-14	5.92547e-14	5.70254e-14
0.26	4.78955e-13	3.62295e-13	3.93443e-13
0.27	2.36368e-12	1.86667e-12	2.00494e-12
0.28	1.03884e-11	8.26689e-12	8.83634e-12
0.29	4.11511e-11	3.27885e-11	3.50057e-11
0.3	1.48439e-10	1.18291e-10	1.26285e-10
0.31	4.92231e-10	3.92266e-10	4.18615e-10
0.32	1.51163e-09	1.20461e-09	1.2858e-09
0.33	4.33201e-09	3.45207e-09	3.68475e-09
0.34	1.16554e-08	9.28713e-09	9.91564e-09
0.35	2.95867e-08	2.35747e-08	2.5163e-08
0.36	7.126e-08	5.6778e-08	6.06213e-08
0.37	1.63356e-07	1.30152e-07	1.38921e-07
0.38	3.58155e-07	2.85351e-07	3.04694e-07
0.39	7.5408e-07	6.00748e-07	6.41324e-07
0.4	1.5269e-06	1.21643e-06	1.29854e-06
0.41	2.98619e-06	2.379e-06	2.53998e-06
0.42	5.64961e-06	4.50083e-06	4.80537e-06
0.43	1.03775e-05	8.26749e-06	8.82485e-06
0.44	1.85077e-05	1.47451e-05	1.57428e-05
0.45	3.21379e-05	2.56034e-05	2.73345e-05
0.46	5.44946e-05	4.34177e-05	4.63575e-05
0.47	9.02515e-05	7.19031e-05	7.67626e-05
0.48	0.000146259	0.000116528	0.000124381
0.49	0.000232259	0.000185049	0.000197568
0.5	0.000361767	0.000288231	0.000307772
0.51	0.000553653	0.000441126	0.000470937
0.52	0.000833044	0.00066375	0.00070862
0.53	0.00123388	0.000983045	0.00104932
0.54	0.0017993	0.00143354	0.00153011
0.55	0.00258747	0.00206146	0.00220032
0.56	0.00366991	0.00292398	0.0031194
0.57	0.00514115	0.00409603	0.00436968
0.58	0.00712006	0.00567247	0.00605245
0.59	0.00974237	0.00776133	0.00828103
0.6	0.0131867	0.0105056	0.0112086
0.61	0.0176614	0.014071	0.0150132
0.62	0.0234236	0.0186616	0.0199073
0.63	0.030784	0.0245237	0.026169
0.64	0.0401108	0.0319508	0.0340925
0.65	0.0518104	0.0412684	0.0440264
0.66	0.0663673	0.0528589	0.0563746
0.67	0.0843715	0.0671852	0.0716729
0.68	0.106537	0.0848219	0.0904501
0.69	0.133451	0.106239	0.113283
0.7	0.166109	0.132217	0.140967
0.71	0.205461	0.163512	0.174296
0.72	0.252575	0.20097	0.214207
0.73	0.308689	0.245592	0.261757
0.74	0.375092	0.298431	0.317888
0.75	0.453296	0.360594	0.384138
0.76	0.544723	0.433256	0.461332
0.77	0.651609	0.518222	0.551711
0.78	0.775857	0.617028	0.65673
0.79	0.918946	0.730721	0.777388
0.8	1.08457	0.862263	0.916962
0.81	1.27326	1.012	1.07627
0.82	1.48984	1.18383	1.25883
0.83	1.73608	1.37903	1.46621
0.84	2.01508	1.60008	1.7004
0.85	2.33044	1.84969	1.96491
0.86	2.68614	2.13117	2.26382
0.87	3.08463	2.44623	2.59841
0.88	3.53084	2.79893	2.97188
0.89	4.02913	3.19299	3.38872
0.9	4.58367	3.63098	3.85239
0.91	5.19842	4.11724	4.36632
0.92	5.88245	4.65747	4.93862
0.93	6.63067	5.24849	5.56151
0.94	7.46153	5.90462	6.25308
0.95	8.36689	6.61891	7.00778
0.96	9.36169	7.40321	7.83522
0.97	10.4551	8.2658	8.74433
0.98	11.6425	9.20023	9.72846
0.99	12.9368	10.2202	10.7969
1	14.3421	11.3264	11.9578
1.01	15.8649	12.5247	13.2148
1.02	17.5132	13.8213	14.5721
1.03	19.2996	15.2253	16.0437
1.04	21.2211	16.7342	17.6251
1.05	23.3051	18.37	19.3377
1.06	25.5279	20.1111	21.1622
1.07	27.9221	21.9842	23.1306
1.08	30.491	23.9935	25.2329
1.09	33.2101	26.1162	27.4522
1.1	36.1428	28.4041	29.842
1.11	39.2757	30.8444	32.3841
1.12	42.5902	33.4221	35.0789
1.13	46.1267	36.1753	37.9596
1.14	49.9194	39.1258	41.027
1.15	53.8705	42.1872	44.2267
1.16	58.1135	45.4849	47.6534
1.17	62.5854	48.9493	51.2581
1.18	67.317	52.6199	55.0638
1.19	72.3287	56.5036	59.0857
1.2	77.5977	60.5819	63.3087
1.21	83.1359	64.8682	67.7222
1.22	89.0072	69.4201	72.4077
1.23	95.1176	74.1441	77.2846
1.24	101.674	79.2202	82.4839
1.25	108.382	84.3925	87.8193
1.26	115.506	89.8867	93.477
1.27	122.952	95.6261	99.3412
1.28	130.783	101.651	105.524
1.29	138.897	107.891	111.875
1.3	147.489	114.49	118.626
1.31	156.376	121.32	125.606
1.32	165.72	128.506	132.9
1.33	175.312	135.862	140.365
1.34	185.444	143.635	148.244
1.35	195.995	151.739	156.457
1.36	206.894	160.117	164.89
1.37	218.35	168.923	173.642
1.38	230.145	177.977	182.614
1.39	242.393	187.383	191.899
1.4	255.173	197.215	201.512
1.41	268.383	207.318	211.451
1.42	282.139	217.819	221.778
1.43	296.349	228.612	232.472
1.44	311.021	239.707	243.553
1.45	326.252	251.179	255.1
1.46	341.906	262.926	266.978
1.47	358.161	275.103	279.336
1.48	374.891	287.638	291.989
1.49	392.24	300.583	305.053
1.5	409.922	313.774	318.282
1.51	428.284	327.486	331.894
1.52	447.241	341.619	345.796
1.53	466.729	356.125	360.071
1.54	486.912	371.083	374.801
1.55	507.819	386.559	390.063
1.56	529.251	402.415	405.628
1.57	551.22	418.603	421.452
1.58	573.614	435.059	437.575
1.59	596.646	451.968	454.183
1.6	620.523	469.521	471.398
1.61	645.508	487.829	489.14
1.62	670.711	506.21	507.095
1.63	696.004	524.64	524.875
1.64	722.536	543.923	543.562
1.65	749.668	563.608	562.616
1.66	778.092	584.221	582.57
1.67	806.417	604.649	602.333
1.68	835.382	625.577	622.465
1.69	865.463	647.313	643.134
1.7	896.09	669.316	664.362
1.71	927.377	691.795	685.936
1.72	959.816	715.08	708.213
1.73	993.044	738.828	730.762
1.74	1025.66	761.992	752.621
1.75	1060.84	787.074	776.663
1.76	1096.22	812.139	800.635
1.77	1130.82	836.661	823.729
1.78	1168.38	863.228	848.935
1.79	1205.64	889.299	873.73
1.8	1243.38	915.655	898.973
1.81	1283.23	943.478	925.493
1.82	1322.27	970.399	950.882
1.83	1363.44	998.875	977.961
1.84	1404.52	1027.05	1004.51
1.85	1446.8	1056.02	1032.26
1.86	1490.04	1085.6	1060.32
1.87	1534.42	1115.89	1088.83
1.88	1579.03	1146.3	1117.59
1.89	1623.98	1176.71	1146.4
1.9	1671.39	1208.72	1176.68
1.91	1718.28	1240.27	1206.44
1.92	1766.79	1272.99	1237.03
1.93	1815.74	1305.84	1256.56
1.94	1865.7	1339.29	1287.72
1.95	1917.39	1373.63	1318.89
1.96	1968.46	1407.57	1350.49
1.97	2022.03	1442.9	1382.7
1.98	2075.01	1477.77	1415.36
1.99	2130.52	1514.06	1448.61
2	2185.13	1549.7	1495.13
2.01	2242.37	1586.97	1529.35
2.02	2299	1624.02	1564.2
2.03	2358.31	1662.63	1599.38
2.04	2416.53	1700.89	1634.37
2.05	2479.03	1741.74	1671.36
2.06	2537.72	1779.98	1706.27
2.07	2602.76	1822.16	1745.04
2.08	2661.99	1860.16	1780.02
2.09	2730.08	1903.78	1820.82
2.1	2791.11	1942.37	1856.75
2.11	2862.03	1987.41	1899.23
2.12	2924.95	2026.82	1936.02
2.13	2996.78	2071.95	1978.23
2.14	3063.05	2113.46	2015.68
2.15	3134.81	2158.23	2057.23
2.16	3206.29	2202.61	2097.56
2.17	3278.02	2247.14	2138.3
2.18	3353.04	2293.26	2180.66
2.19	3425.23	2336.91	2220.51
2.2	3503.4	2384.26	2265.03
2.21	3577.61	2428.64	2305.58
2.22	3659.08	2477.76	2351.59
2.23	3733.25	2521.64	2392.05
2.24	3816.54	2571.11	2437.72
2.25	3895.55	2617.71	2481.12
2.26	3978.92	2667.05	2525.78
2.27	4063.21	2716.75	2571.28
2.28	4145.22	2764.25	2616.16
2.29	4232.84	2815.36	2663.38
2.3	4316.72	2863.69	2707.87
2.31	4406.25	2915.71	2755.14
2.32	4492.87	2965.11	2800.46
2.33	4586.12	3018.06	2850.99
2.34	4675.47	3069	2896.28
2.35	4768.04	3121.14	2945.39
2.36	4862.68	3174.83	2993.49
2.37	4957.52	3227.68	3042.44
2.38	5052.66	3280.63	3092.43
2.39	5150.83	3334.43	3140
2.4	5250.68	3389.89	3191.14
2.41	5350.51	3443.74	3240.86
2.42	5453.02	3500.26	3289.3
2.43	5553.91	3554.31	3339.94
2.44	5660.59	3613.03	3391.09
2.45	5762.99	3667.5	3439.07
2.46	5868.75	3724.7	3493.17
2.47	5981.82	3785.84	3547.18
2.48	6086.51	3841.49	3597.62
2.49	6195.87	3899.43	3652.53
2.5	6309.34	3959.87	3705.22
2.51	6420.57	4017.89	3758.85
2.52	6537.74	4080.01	3816.67
2.53	6650.99	4139.44	3867.75
2.54	6765.77	4199.36	3920.81
2.55	6890.3	4264.49	3981.25
2.56	7005.52	4323.26	4033.69
2.57	7126.67	4385.24	4088.04
2.58	7251.54	4448.71	4148.68
2.59	7371.78	4508.84	4203.08
2.6	7500.46	4573.62	4259.32
2.61	7623.94	4634.32	4317.56
2.62	7751.7	4697.21	4374.61
2.63	7885.6	4763.58	4430.98
2.64	8013.37	4825.18	4490.45
2.65	8146.16	4889.08	4547.47
2.66	8285.14	4955.84	4607.04
2.67	8416.98	5018.12	4667.14
2.68	8552.96	5082.39	4725.62
2.69	8693.87	5149.77	4785.85
2.7	8834.28	5215.35	4848
2.71	8973.58	5280.43	4907.25
2.72	9116.92	5347.24	4967.94
2.73	9262.16	5415.08	5027.47
2.74	9408.26	5481.73	5090.02
2.75	9554.26	5548.32	5150.59
2.76	9705.52	5616.85	5211.46
2.77	9856.81	5685	5275.43
2.78	10008.1	5751.61	5337.35
2.79	10163.9	5821.31	5399.17
2.8	10318.2	5887.71	5464.24
2.81	10476.5	5957.44	5528.58
2.82	10635.8	6025.73	5591.78
2.83	10795	6093.47	5655.66
2.84	10958.8	6163.68	5720.68
2.85	11125.4	6234.25	5787.33
2.86	11288.4	6302.92	5850.12
2.87	11457.5	6374.8	5914.49
2.88	11624.1	6443.64	5979.39
2.89	11798.7	6518.62	6048.71
2.9	11969	6590.02	6114.9
2.91	12141	6661.85	6180.54
2.92	12320	6738.92	6247.79
2.93	12496.2	6811.43	6315.89
2.94	12674.1	6886.75	6384.71
2.95	12858.7	6962.15	6454
2.96	13041.7	7036.39	6521.32
2.97	13224.2	7111.54	6588.75
2.98	13410.1	7185.8	6655.38
2.99	13602.7	7263.74	6726.9
3	13791.4	7338.35	6797.95
3.01	13984.4	7412.94	6869.78
3.02	14179.7	7492.81	6935.59
3.03	14370.8	7565.77	7001.68
3.04	14571.1	7642.94	7075.77
3.05	14773.9	7722.62	7151.68
3.06	14977	7798.05	7217.59
3.07	15173.7	7873.18	7282.24
3.08	15382	7952.11	7356.67
3.09	15597.3	8032.45	7435.53
3.1	15800.7	8109.87	7500.19
3.11	16008.2	8185.35	7569.11
3.12	16228.4	8265.89	7647.76
3.13	16445.8	8348.03	7727.42
3.14	16651.9	8420.92	7791.35
3.15	16873.5	8501.72	7863.16
3.16	17104.9	8586.41	7944.23
3.17	17326.9	8665.22	8022.44
3.18	17544.3	8741.89	8088.11
3.19	17776.1	8824.37	8159.49
3.2	18016.3	8909.51	8240.08
3.21	18238.4	8985.75	8315.22
3.22	18462.7	9062.21	8383.73
3.23	18708.6	9146.56	8459.67
3.24	18955.6	9230.08	8541.22
3.25	19189.6	9308.58	8619.05
3.26	19420.8	9384.84	8690.36
3.27	19672.9	9470.38	8764.38
3.28	19928.1	9554.79	8844.63
3.29	20166	9631.57	8921.13
3.3	20413.5	9715.08	8999.4
3.31	20675.2	9800.5	9073.73
3.32	20936.5	9885.2	9150.53
3.33	21183.1	9965.47	9226.36
3.34	21442.1	10048.5	9311.28
3.35	21713.9	10137.1	9390.59
3.36	21981.5	10222.4	9465.58
3.37	22235.7	10300.8	9539.95
3.38	22510.6	10388.8	9631.55
3.39	22779.1	10472.4	9711.41
3.4	23052.3	10556.8	9780.34
3.41	23325.1	10640.7	9853.16
3.42	23612.3	10730.2	9947.04
3.43	23887.7	10815	10030.3
3.44	24176.7	10903.2	10107.2
3.45	24457.9	10989	10175.8
3.46	24751.1	11079.3	10263.5
3.47	25034.4	11161.5	10356.2
3.48	25333.9	11250.3	10443.8
3.49	25622.1	11336.7	10506.8
3.5	25925.6	11424.9	10586.6
3.51	26222.1	11509.3	10676.5
3.52	26532.4	11600.4	10772.9
3.53	26829.8	11686.7	10843.6
3.54	27138.4	11774.6	10909.8
3.55	27446.5	11862.8	10991.4
3.56	27774.5	11956.8	11097.9
3.57	28077.7	12043.5	11181.2
3.58	28393.2	12132.9	11252.2
3.59	28714.6	12221.6	11321.8
3.6	29051.7	12314.9	11419.8
3.61	29369.4	12403.7	11518.5
3.62	29696.1	12493.7	11603.8
3.63	30020	12582.1	11672.4
3.64	30366.3	12678.8	11750.4
3.65	30697.3	12770.4	11844.1
3.66	31038.8	12859.6	11946.4
3.67	31378.3	12951.8	12031.2
3.68	31722.8	13047	12104.4
3.69	32072.4	13138.2	12184.1
3.7	32415.1	13226	12278.2
3.71	32774.6	13321.9	12385
3.72	33125.1	13412.9	12466.1
3.73	33491.8	13510.9	12543.7
3.74	33840.4	13602.9	12615.4
3.75	34215.5	13699.8	12718.1
3.76	34579	13794.1	12817
3.77	34956.8	13889.5	12906.2
3.78	35317.5	13980.2	12975.4
3.79	35688.7	14074.9	13053.3
3.8	36071.9	14175	13150.3
3.81	36452.3	14265.4	13255.4
3.82	36846.4	14365	13347.5
3.83	37235.5	14465	13422.8
3.84	37602.8	14556.1	13492.8
3.85	38006.8	14657.7	13594.9
3.86	38403.2	14753	13700.4
3.87	38805.8	14854.4	13797.4
3.88	39219.3	14956.3	13878.1
3.89	39597.6	15046	13941.4
3.9	40008.4	15145	14041.4
3.91	40427.7	15249	14152
3.92	40849.8	15346.9	14253.3
3.93	41254.6	15440.8	14329.1
3.94	41665.3	15539.9	14399.6
3.95	42084.4	15640.5	14493.4
3.96	42528.3	15741	14614.1
3.97	42961.7	15841.8	14718.4
3.98	43376.2	15937	14796
3.99	43804	16037.2	14867.1
4	44241.5	16136.7	14956.3
4.01	44704.1	16238.4	15076
4.02	45159.5	16341.2	15186.6
4.03	45584.5	16435.9	15269.3
4.04	46022.7	16532.2	15341.9
4.05	46474.9	16627.8	15422.6
4.06	46954.4	16732.3	15537.1
4.07	47425.4	16839.2	15651.2
4.08	47861.4	16934.9	15741.4
4.09	48325.3	17037.6	15821
4.1	48795.1	17136	15905.1
4.11	49284.1	17243.9	16005
4.12	49774.3	17353.3	16123.9
4.13	50229.6	17447.1	16222.7
4.14	50700.8	17545.3	16311.4
4.15	51189.1	17649.3	16396.9
4.16	51689.5	17752.3	16485.6
4.17	52200.7	17855.1	16595.3
4.18	52681.5	17951.9	16699
4.19	53159.8	18050.4	16793.8
4.2	53662.2	18158.9	16883.4
4.21	54188	18263.1	16979.2
4.22	54716.1	18366.5	17064.9
4.23	55210.9	18464.8	17170.4
4.24	55705.8	18577.4	17268.6
4.25	56229	18682	17373.6
4.26	56762	18778.1	17472.6
4.27	57305.2	18882.5	17566.4
4.28	57829	18990.5	17651.3
4.29	58354.5	19102.6	17759.9
4.3	58864.6	19192.2	17862.2
4.31	59426.8	19296.9	17972.6
4.32	59994	19407.8	18076.4
4.33	60536.4	19521.4	18156.3
4.34	61077.9	19622.1	18237.6
4.35	61597.2	19712	18339
4.36	62176	19820.9	18463.7
4.37	62752	19942.9	18572.6
4.38	63336.6	20054.2	18670.6
4.39	63887.8	20154.7	18742.3
4.4	64443	20254.1	18831.7
4.41	65010.9	20362.7	18947.6
4.42	65612.5	20484.4	19070.7
4.43	66198.3	20584.8	19177.3
4.44	66792.1	20681.9	19266.1
4.45	67369	20792.1	19341.6
4.46	67939.3	20900.4	19430.2
4.47	68558.5	21020.2	19551
4.48	69167.9	21123.6	19670.7
4.49	69781.5	21227.2	19777.3
4.5	70401.5	21345.7	19869.9
4.51	70979.5	21457.4	19946.1
4.52	71600.5	21565.6	20040.7
4.53	72214.2	21663.1	20156.5
4.54	72862.1	21772.7	20282.7
4.55	73511.4	21896.5	20395.2
4.56	74127.1	22003.1	20488
4.57	74734.8	22103.3	20565.8
4.58	75377.8	22207.4	20645.6
4.59	76008.7	22310.9	20762.7
4.6	76683.5	22436	20890.6
4.61	77367.1	22555.2	21011.6
4.62	77983.3	22647	21100.5
4.63	78633.4	22752.4	21178.2
4.64	79283.2	22861.9	21259.4
4.65	79952.4	22978	21380.8
4.66	80668.1	23103.5	21513.2
4.67	81345	23208.5	21627.7
4.68	82001.3	23303.5	21718.5
4.69	82661.2	23413.2	21803.8
4.7	83334.4	23530.4	21895.2
4.71	84037.2	23647.1	21993.4
4.72	84752.4	23757	22120.9
4.73	85466.5	23854.1	22247.1
4.74	86159.8	23964.7	22346.4
4.75	86834.1	24085.9	22433.8
4.76	87529.4	24203.2	22523.5
4.77	88274.9	24320.8	22625.8
4.78	89007.2	24412.7	22752.9
4.79	89732.5	24517	22870.1
4.8	90454.6	24646.6	22967.4
4.81	91155.9	24765.4	23053.6
4.82	91876.9	24873.2	23150.3
4.83	92635.4	24967.4	23253
4.84	93404.5	25066.6	23358
4.85	94147.1	25195.6	23479
4.86	94890.1	25326.4	23591.7
4.87	95617	25436.9	23683.9
4.88	96360.1	25525.7	23784.8
4.89	97144	25618	23892.9
4.9	97945.1	25748.1	24000.8
4.91	98713.2	25883.4	24101.7
4.92	99484.2	26002.7	24205.2
4.93	100236	26101.9	24299.3
4.94	100997	26181.3	24395.3
4.95	101814	26301	24507.3
4.96	102629	26442.4	24617.5
4.97	103436	26569	24724.1
4.98	104231	26677.6	24838.9
4.99	105000	26760.5	24940.6
5	105780	26846.6	25040.2
5.01	106608	26984.4	25151.4
5.02	107444	27116.5	25268.6
5.03	108294	27239	25383.9
5.04	109131	27347	25490.2
5.05	109921	27428.7	25580.7
5.06	110730	27536.3	25677.9
5.07	111573	27674.4	25783.6
5.08	112435	27805.4	25894.9
5.09	113300	27924.2	26008.3
5.1	114187	28034.6	26128.7
5.11	115019	28121.2	26229.7
5.12	115832	28230.1	26319
5.13	116681	28361.1	26413.5
5.14	117567	28488.7	26525.3
5.15	118457	28599	26643.7
5.16	119364	28697.5	26761.7
5.17	120264	28801	26876
5.18	121091	28921.4	26975.7
5.19	121952	29048.3	27067.3
5.2	122840	29168.7	27163.3
5.21	123775	29287.4	27278.2
5.22	124697	29387.3	27389.6
5.23	125641	29501.5	27508.4
5.24	126533	29630.5	27616.3
5.25	127424	29753.6	27727.3
5.26	128288	29858.5	27833.1
5.27	129230	29971.5	27920.4
5.28	130196	30065.4	28019.1
5.29	131160	30182.4	28140.8
5.3	132129	30324.4	28258.5
5.31	133027	30438.1	28359.1
5.32	133945	30544	28474.2
5.33	134847	30641.2	28587.3
5.34	135841	30734.9	28681
5.35	136828	30855.4	28778
5.36	137835	30994.7	28886.5
5.37	138811	31118.3	29007
5.38	139747	31223.7	29110.1
5.39	140686	31319.4	29227.3
5.4	141620	31403.6	29351.3
5.41	142672	31535.6	29484.2
5.42	143660	31670.3	29553.1
5.43	144704	31807.3	29654.7
5.44	145717	31918.1	29762.1
5.45	146709	32023.1	29875.3
5.46	147652	32109.7	29975.7
5.47	148633	32207.7	30098.5
5.48	149696	32349.6	30249.6
5.49	150742	32483	30338.8
5.5	151809	32602.2	30408.4
5.51	152843	32711.7	30490.5
5.52	153862	32814.1	30609.1
5.53	154848	32897.7	30724.6
5.54	155858	33023.1	30843.2
5.55	156932	33159.6	30987.8
5.56	158033	33285.1	31146.9
5.57	159149	33410.4	31214.9
5.58	160203	33520.8	31269.3
5.59	161251	33614.6	31346.3
5.6	162275	33730.8	31445.9
5.61	163318	33856.2	31564.3
5.62	164406	33972.4	31702.5
5.63	165535	34095.4	31858.6
5.64	166701	34219.2	32028.6
5.65	167776	34324.4	32069.5
5.66	168858	34416.6	32119.7
5.67	169922	34529.4	32203.7
5.68	171002	34642.2	32308.1
5.69	172106	34756.7	32435.7
5.7	173225	34870.6	32574.5
5.71	174459	35010.4	32749.3
5.72	175581	35111.2	32909.4
5.73	176715	35234	32958.9
5.74	177790	35344.4	32993.8
5.75	178921	35454.2	33081.5
5.76	180033	35565.9	33173.9
5.77	181185	35681	33304.5
5.78	182397	35809.6	33463.4
5.79	183630	35927.2	33641.3
5.8	184778	36045.1	33811.7
5.81	185915	36154.8	33863.6
5.82	187041	36252.5	33891.7
5.83	188202	36356.6	33964.9
5.84	189379	36479.1	34052.8
5.85	190553	36581	34164.9
5.86	191826	36714.3	34330.2
5.87	193103	36848.3	34508.3
5.88	194270	36955	34697.7
5.89	195421	37063.1	34784.1
5.9	196608	37166.6	34779.3
5.91	197787	37264.5	34830.3
5.92	199032	37390.8	34917.4
5.93	200242	37510.2	35020.2
5.94	201525	37632.3	35171.9
5.95	202829	37757.9	35346.1
5.96	204040	37860.9	35543.9
5.97	205244	37977.8	35721.4
5.98	206460	38081.8	35748.1
5.99	207673	38190.5	35745.5
6	208979	38328.4	35796.2
6.01	210245	38435.6	35881.9
6.02	211549	38555	36013.3
6.03	212875	38678.9	36171.3
6.04	214141	38782.7	36365.6
6.05	215378	38897	36577
6.06	216631	39016.9	36706.5
6.07	217869	39125.7	36691
6.08	219219	39233.9	36703.7
6.09	220530	39338.5	36733
6.1	221867	39449.3	36839.7
6.11	223192	39565.4	36975.5
6.12	224541	39680.3	37160.1
6.13	225817	39795.9	37364.6
6.14	227101	39917.1	37596
6.15	228377	40038.7	37692.6
6.16	229732	40133.9	37669.5
6.17	231092	40240.1	37649.9
6.18	232443	40347.1	37689.5
6.19	233852	40479.1	37795.1
6.2	235225	40601.6	37953.5
6.21	236552	40735.1	38137.7
6.22	237878	40870.1	38362.4
6.23	239197	40952.3	38607.7
6.24	240548	41036.9	38705.9
6.25	241935	41137.3	38666.5
6.26	243374	41253.7	38626.4
6.27	244802	41381.2	38647.9
6.28	246180	41511.2	38743.5
6.29	247618	41666.4	38911.4
6.3	248968	41808.2	39105
6.31	250300	41854.6	39347.7
6.32	251680	41928.2	39602.1
6.33	253115	42019.3	39744.6
6.34	254526	42125.9	39721.1
6.35	256020	42252.2	39637.3
6.36	257484	42408.2	39626.7
6.37	258924	42577.7	39706.5
6.38	260352	42727.6	39854.6
6.39	261746	42779.2	40048.2
6.4	263153	42834.1	40298.1
6.41	264571	42909.9	40559.2
6.42	266059	43025.1	40763.7
6.43	267512	43140.9	40779
6.44	269058	43304.1	40654.7
6.45	270575	43500.4	40585.1
6.46	272047	43657.7	40624.6
6.47	273501	43704.2	40737.5
6.48	274934	43752.6	40929.4
6.49	276370	43805.7	41180.1
6.5	277825	43896.1	41454.3
6.51	279358	44023.7	41747.9
6.52	280871	44171.8	41865.1
6.53	282452	44377.5	41810.8
6.54	284028	44591.6	41662.7
6.55	285519	44632.2	41608.7
6.56	287024	44682.2	41664.9
6.57	288514	44728.8	41825.7
6.58	289989	44786.5	42054.4
6.59	291485	44893.9	42321.2
6.6	293045	45033.7	42616.3
6.61	294611	45218.9	42881.5
6.62	296223	45467.7	42958.6
6.63	297856	45576	42860
6.64	299415	45614.3	42686.6
6.65	300930	45657.3	42636.4
6.66	302482	45705.8	42716.7
6.67	303990	45781.2	42901.5
6.68	305513	45895.9	43140.3
6.69	307092	46058.4	43418.5
6.7	308695	46295.5	43723
6.71	310351	46491	43983.5
6.72	312040	46539.6	44046
6.73	313709	46589.7	43936
6.74	315245	46630.1	43707.9
6.75	316812	46680.8	43646.3
6.76	318364	46768.1	43726.2
6.77	319938	46889.4	43919.3
6.78	321531	47071.9	44166.1
6.79	323155	47328	44455.1
6.8	324813	47463.9	44785.1
6.81	326554	47491.6	45102.5
6.82	328273	47542.7	45189.5
6.83	329927	47595.7	45083.2
6.84	331552	47669.8	44828.6
6.85	333170	47770.2	44712.4
6.86	334758	47903.4	44739.6
6.87	336364	48096.2	44890.8
6.88	338016	48345.1	45126.1
6.89	339701	48457.5	45408.6
6.9	341408	48453.4	45748.2
6.91	343225	48498.4	46140.8
6.92	345027	48568.5	46322.1
6.93	346669	48643.6	46290.7
6.94	348345	48767.1	46085.5
6.95	349972	48913.3	45862.9
6.96	351593	49116	45816.3
6.97	353275	49357.8	45909.6
6.98	354997	49451.8	46103.4
6.99	356706	49422.6	46365.8
7	358437	49430	46672.1
7.01	360330	49497.8	47065.3
7.02	362175	49594.2	47402
7.03	363906	49708.2	47505.5
7.04	365583	49871.4	47391.6
7.05	367257	50112.1	47136.6
7.06	368905	50365.5	46947.9
7.07	370630	50490.1	46930.6
7.08	372394	50457.6	47040
7.09	374120	50422.2	47245.5
7.1	375924	50456.7	47518.6
7.11	377848	50538.5	47885.9
7.12	379723	50660.7	48319.2
7.13	381587	50845.7	48626.2
7.14	383310	51069.5	48696.8
7.15	385019	51365.2	48573.8
7.16	386700	51548.6	48288.1
7.17	388471	51545.5	48067.9
7.18	390228	51432.1	48012.7
7.19	392056	51382.6	48101.9
7.2	393860	51409	48287.6
7.21	395755	51504.2	48589.5
7.22	397744	51673.6	48982
7.23	399700	51905.3	49454
7.24	401480	52216.4	49808.9
7.25	403269	52552.2	49924.2
7.26	404998	52690.8	49828.2
7.27	406733	52613.4	49564.9
7.28	408553	52462.2	49248.2
7.29	410374	52369.4	49119.2
7.3	412246	52382.6	49148.1
7.31	414098	52477.4	49297.5
7.32	416085	52665.4	49588.2
7.33	418172	52963.2	49988.3
7.34	420104	53338.2	50467.1
7.35	421940	53684.3	50939.2
7.36	423762	53834.2	51156.9
7.37	425538	53749	51140.1
7.38	427356	53558.2	50938
7.39	429171	53418	50568
7.4	431075	53375.6	50315.7
7.41	432998	53451.6	50228.5
7.42	434946	53639.1	50307.1
7.43	436957	53945.5	50542.6
7.44	439094	54371.7	50930.6
7.45	441074	54765.7	51403.8
7.46	442961	54978.3	51958.9
7.47	444813	54959.7	52344.4
7.48	446621	54721.2	52492.4
7.49	448509	54526.3	52413.8
7.5	450354	54418.1	52134.2
7.51	452299	54412.3	51680.3
7.52	454258	54554.7	51387.9
7.53	456253	54827.1	51300.9
7.54	458291	55231.5	51407.3
7.55	460492	55744	51692.8
7.56	462636	56066.1	52127.2
7.57	464493	56131.9	52632.2
7.58	466443	55993.3	53267.3
7.59	468292	55744.8	53674.7
7.6	470199	55552.5	53826.6
7.61	472104	55460	53718.6
7.62	474038	55482	53404.4
7.63	476010	55659.9	52888.9
7.64	478071	56027.4	52519.1
7.65	480176	56536.8	52398
7.66	482306	56999.1	52493.7
7.67	484604	57291.6	52783.7
7.68	486619	57328.1	53217.6
7.69	488605	57111.9	53783.1
7.7	490542	56875.7	54477.7
7.71	492458	56673.8	54981.5
7.72	494392	56570.6	55182.3
7.73	496332	56592.7	55102.3
7.74	498326	56768.1	54814.2
7.75	500373	57127.6	54303
7.76	502513	57696.9	53766.9
7.77	504645	58150.2	53518.7
7.78	506936	58427.5	53537.4
7.79	509231	58481.7	53766.9
7.8	511258	58245.9	54172.2
7.81	513288	58020.3	54724
7.82	515233	57822.1	55442.3
7.83	517259	57700.3	56159.1
7.84	519240	57689.5	56515.5
7.85	521190	57841.3	56561.7
7.86	523249	58174.2	56364.4
7.87	525310	58736.1	55918.7
7.88	527526	59206.4	55289.2
7.89	529725	59504.7	54787.5
7.9	532068	59600.1	54596.3
7.91	534425	59482.1	54690.3
7.92	536511	59219	54988.9
7.93	538599	59022.6	55489.2
7.94	540621	58872.4	56171.3
7.95	542643	58831.9	57031.2
7.96	544679	58928.7	57694.4
7.97	546660	59180.8	57994.5
7.98	548747	59657.3	57972.9
7.99	550860	60153.9	57695.3
8	553062	60523.1	57168.9
8.01	555374	60712.7	56476.6
8.02	557696	60687.3	55920.4
8.03	560145	60423.3	55700.7
8.04	562367	60198.4	55786.9
8.05	564487	60025.9	56114.9
8.06	566615	59953.1	56676.3
8.07	568633	59960.5	57429.6
8.08	570741	60127.8	58353.5
8.09	572788	60458.3	59094
8.1	574864	61025.2	59450.1
8.11	577002	61451.2	59453.5
8.12	579164	61734.8	59166.4
8.13	581491	61862	58624.7
8.14	583826	61758	57926.7
8.15	586342	61481.6	57184.1
8.16	588813	61285.6	56805.9
8.17	591012	61130.3	56776.8
8.18	593194	61112.9	57034.5
8.19	595326	61172.5	57595.1
8.2	597411	61358	58377.8
8.21	599576	61757.3	59313.9
8.22	601605	62296.5	60275.3
8.23	603733	62714.5	60819.8
8.24	605916	62954	60971.2
8.25	608129	63020.1	60791
8.26	610549	62911.8	60327.6
8.27	612960	62572.2	59664.3
8.28	615573	62341.8	58867.3
8.29	618043	62211.1	58158
8.3	620314	62162.3	57863.8
8.31	622555	62267.9	57942.9
8.32	624724	62491	58356.9
8.33	626857	62878.2	59054.4
8.34	629054	63498.8	59947.7
8.35	631169	63949.4	60994.4
8.36	633303	64210.8	61909.5
8.37	635542	64299.1	62381.1
8.38	637786	64197	62449.4
8.39	640188	63885.2	62189.2
8.4	642683	63541.7	61665.1
8.41	645227	63314.9	60956.6
8.42	647912	63255.2	60112.3
8.43	650252	63311.5	59318
8.44	652599	63543.5	58984.6
8.45	654852	63906.7	59081.8
8.46	657007	64475.5	59534
8.47	659231	65070.3	60263.8
8.48	661402	65460.4	61205.9
8.49	663578	65642.5	62310.7
8.5	665779	65610.6	63331.8
8.51	668075	65380.9	63900.2
8.52	670367	64932.4	64002.7
8.53	672894	64546.3	63773.7
8.54	675459	64303	63284.9
8.55	678232	64261.6	62604.6
8.56	680840	64390.6	61733.6
8.57	683208	64700.5	60762.5
8.58	685608	65187.7	60211.1
8.59	687863	65882.2	60147.1
8.6	690075	66491.6	60495.9
8.61	692318	66883.4	61157.1
8.62	694581	67068.5	62064.7
8.63	696751	66983.9	63160.5
8.64	698981	66703.2	64384.5
8.65	701344	66141.3	65211.1
8.66	703701	65600	65561.8
8.67	706254	65279.1	65492.9
8.68	708892	65177.9	65122.1
8.69	711722	65293.1	64526.1
8.7	714451	65648.7	63740.8
8.71	716879	66165.2	62801.2
8.72	719354	66984.3	61809.2
8.73	721648	67746.2	61324.3
8.74	723893	68254.5	61357.1
8.75	726203	68539.2	61784.7
8.76	728456	68567.1	62529
8.77	730718	68337.3	63516.4
8.78	732973	67831.5	64681.3
8.79	735323	67070.8	65982.4
8.8	737765	66493.8	66800.2
8.81	740253	66180.1	67108.3
8.82	742931	66124	67041.7
8.83	745704	66335.8	66653.1
8.84	748664	66828.3	66044.8
8.85	751209	67567	65243.1
8.86	753792	68575	64309.4
8.87	756192	69371.2	63327.2
8.88	758472	69860.7	62645.8
8.89	760811	70105	62534.3
8.9	763103	70069.1	62896.2
8.91	765419	69751.7	63600.3
8.92	767698	69126.7	64574.8
8.93	770037	68247.9	65747.5
8.94	772420	67556.5	67062
8.95	774942	67151.3	68156.9
8.96	777510	67072.1	68655.5
8.97	780277	67282.6	68724.5
8.98	783125	67811.5	68447.1
8.99	786145	68687	67902.6
9	788767	69789.8	67170.2
9.01	791395	70719.1	66302.3
9.02	793844	71364.9	65339.5
9.03	796197	71679.5	64377.7
9.04	798518	71709.9	63849.9
9.05	800850	71448.2	63892.4
9.06	803182	70815.7	64367.1
9.07	805513	69868.1	65169
9.08	807906	68979.4	66257.6
9.09	810288	68343	67519
9.1	812804	68020	68907.4
9.11	815408	68067.7	69865.1
9.12	818222	68462.4	70300.4
9.13	821152	69275.3	70314.2
9.14	824264	70465.7	70005.4
9.15	827030	71585.3	69406.5
9.16	829709	72487	68660.1
9.17	832294	73092.3	67799.7
9.18	834647	73343.2	66871.3
9.19	837075	73294.2	65897.7
9.2	839434	72912.5	65181.5
9.21	841823	72123.2	65098.6
9.22	844158	70979.3	65496.4
9.23	846558	70042.7	66269.9
9.24	848970	69352.8	67353.8
9.25	851380	68995.7	68628.7
9.26	854035	69020.9	70059.7
9.27	856715	69438.4	71254.3
9.28	859648	70349	71872.7
9.29	862716	71694.5	72007.9
9.3	865788	72916.4	71776.1
9.31	868657	73916.1	71258.5
9.32	871418	74640.7	70569.9
9.33	874017	75000.5	69759.3
9.34	876367	74991.1	68882.9
9.35	878810	74634.5	67928.8
9.36	881227	73836	66924.6
9.37	883588	72606.3	66158
9.38	885994	71512.2	65991.5
9.39	888383	70622.4	66263.4
9.4	890813	70067.5	66891.7
9.41	893240	69879	67788.7
9.42	895804	70094.6	68860.9
9.43	898556	70841.4	70061
9.44	901464	72112.1	71039.6
9.45	904450	73381.1	71385.3
9.46	907589	74546.7	71297
9.47	910523	75453.5	70841.2
9.48	913230	76062.1	70102.6
9.49	915859	76323.6	69201.7
9.5	918099	76186.9	68157.3
9.51	920451	75637.6	67055.2
9.52	922728	74610.5	65879.8
9.53	924905	73164.8	64627.9
9.54	927020	71782.2	63297.1
9.55	929171	70586.5	61905
9.56	931319	69684.4	60444.8
9.57	933299	69079	58901
9.58	935300	68856.8	57287.8
9.59	937442	69142.6	55605.3
9.6	939624	69899.9	53863.3
9.61	941795	70743.4	52036.2
9.62	944082	71567	50115.2
9.63	946286	72299.2	48135.7
9.64	948570	72827.9	46215.1
9.65	951002	73152.2	44369.2
9.66	953267	73215.1	42609.6
9.67	954862	72946.9	40950.1
9.68	956392	72328.8	39428.6
9.69	957886	71384.4	38079.6
9.7	959082	70045.2	36897.4
9.71	960318	68345.7	35806.9
9.72	961485	66334.8	34815.5
9.73	962461	64180.1	33909.9
9.74	963380	62192.8	33066
9.75	964146	60429.6	32298.9
9.76	964944	58906.4	31608.3
9.77	965661	57699.7	30965.2
9.78	966281	56898.5	30378.7
9.79	966881	56507.5	29819.6
9.8	967479	56333	29302.2
9.81	967948	56140	28804.4
9.82	968503	55912.5	28327.9
9.83	968986	55639.2	27885.8
9.84	969526	55327.8	27476
9.85	970004	54994.6	27080.6
9.86	970329	54598.1	26724.1
9.87	970694	54159.5	26394
9.88	971040	53658.9	26094.6
9.89	971268	53127.2	25831.4
9.9	971560	52560.2	25583.1
9.91	971864	51895.2	25345.5
9.92	972044	51170.1	25120.5
9.93	972268	50406.8	24904
9.94	972555	49616.2	24705.6
9.95	972781	48699.1	24512.5
9.96	972953	47742.8	24328.3
9.97	973121	46663.6	24146.8
9.98	973372	46176.5	24064.1
9.99	973474	45660	23983.8
10	973677	45100	23904.3
